NODE_3267_length_668_cov_0.910321       KXJ84567.1      30.000  140     90      4       425     15      496     630     7.31e-15        73.9
NODE_3267_length_668_cov_0.910321       KXJ84567.1      28.902  173     104     4       515     3       567     722     7.45e-15        73.9
NODE_3267_length_668_cov_0.910321       KXJ84567.1      28.916  83      45      3       515     285     657     731     1.6     30.8
NODE_3267_length_668_cov_0.910321       XP_021170926.1  28.814  236     144     8       668     9       307     534     2.53e-12        66.2
NODE_3267_length_668_cov_0.910321       XP_021170926.1  25.888  197     126     5       557     9       232     422     2.39e-09        57.4
NODE_3267_length_668_cov_0.910321       XP_021170926.1  25.352  213     129     6       635     9       432     618     2.96e-07        51.2
NODE_3267_length_668_cov_0.910321       XP_021170926.1  24.405  168     100     5       515     18      526     668     7.91e-05        43.9
NODE_3267_length_668_cov_0.910321       EAT48165.1      28.718  195     105     7       512     15      211     400     4.21e-12        65.5
NODE_3267_length_668_cov_0.910321       EAT48165.1      33.333  75      49      1       512     291     337     411     6.70e-07        50.1
NODE_3267_length_668_cov_0.910321       XP_021712652.1  28.293  205     112     6       542     3       388     582     1.38e-11        64.3
NODE_3267_length_668_cov_0.910321       XP_021712652.1  22.034  177     115     3       527     3       511     666     3.09e-05        45.1
NODE_3267_length_668_cov_0.910321       XP_021712652.1  27.848  79      52      2       515     285     600     675     0.29    33.1
NODE_3267_length_668_cov_0.910321       XP_001846741.1  28.365  208     108     6       515     9       183     388     2.09e-11        63.5
NODE_3267_length_668_cov_0.910321       XP_001846741.1  27.692  130     84      4       380     3       126     249     8.07e-05        43.9
NODE_3267_length_668_cov_0.910321       XP_001846741.1  23.750  80      56      2       512     279     353     429     8.9     28.5
